423 423 0.09187979996204376
743 799 0.024983612820506096
97 97 0.08071515709161758
869 869 0.02876662090420723
816 816 0.07257359474897385
817 436 0.07140478491783142
179 999 0.02138681709766388
546 632 0.031082209199666977
352 352 0.07155605405569077
819 819 0.028590155765414238
154 154 0.09924883395433426
248 248 0.21118438243865967
645 645 0.14588159322738647
89 764 0.022543098777532578
444 870 0.027547825127840042
394 394 0.012311062775552273
279 279 0.22648300230503082
536 536 0.028518956154584885
109 109 0.09885957837104797
376 376 0.0549720823764801
646 646 0.06546343117952347
578 578 0.03878659009933472
179 179 0.054916635155677795
15 15 0.13687635958194733
772 772 0.07581640779972076
724 872 0.022361192852258682
339 339 0.050104424357414246
401 490 0.028244946151971817
860 860 0.04870370402932167
114 26 0.03550780564546585
588 588 0.03714987263083458
503 503 0.1361856907606125
21 21 0.0814613625407219
867 864 0.05775371566414833
173 173 0.30345019698143005
786 786 0.04203798249363899
105 284 0.023136673495173454
368 368 0.10871034860610962
911 911 0.049171581864356995
463 463 0.2539041042327881
742 742 0.09631786495447159
702 722 0.029999280348420143
813 868 0.06625498831272125
299 299 0.07388763129711151
242 242 0.06953234225511551
448 448 0.020901987329125404
936 936 0.017086731269955635
268 151 0.04392817243933678
818 487 0.048353251069784164
531 464 0.07764673978090286
833 833 0.03474786505103111
739 739 0.09643654525279999
97 97 0.01522478461265564
735 735 0.08631767332553864
200 200 0.07841145992279053
444 870 0.01598108559846878
931 931 0.03412393853068352
253 253 0.20265044271945953
217 217 0.19279955327510834
24 24 0.1361769586801529
55 64 0.06339967250823975
728 728 0.03254613280296326
832 832 0.036086682230234146
88 971 0.030102752149105072
284 284 0.09370208531618118
435 876 0.0448787584900856
97 97 0.07832486182451248
405 718 0.06269800662994385
850 850 0.13068972527980804
27 27 0.10606233775615692
384 384 0.024303577840328217
628 628 0.10781926661729813
132 132 0.18032889068126678
398 398 0.31933197379112244
950 950 0.052741166204214096
40 46 0.13048970699310303
241 241 0.09787406772375107
63 63 0.05890856683254242
239 239 0.11365898698568344
445 445 0.046830613166093826
422 422 0.14647062122821808
420 819 0.01831412874162197
527 613 0.02896745502948761
444 870 0.036178868263959885
381 381 0.044668883085250854
950 950 0.061055831611156464
354 354 0.06110669672489166
325 325 0.14098668098449707
854 406 0.016339128836989403
11 11 0.22908292710781097
856 856 0.09928536415100098
403 403 0.07819273322820663
761 761 0.09234949946403503
570 570 0.19261758029460907
922 868 0.05219915509223938
288 288 0.10387513041496277
698 698 0.04246799275279045
633 633 0.08785456418991089
50 50 0.0677499994635582
553 553 0.04070498049259186
87 87 0.15727323293685913
216 216 0.17589540779590607
104 104 0.13934631645679474
196 196 0.11112403869628906
707 707 0.05930789187550545
246 246 0.08159393072128296
828 987 0.03650222718715668
400 667 0.06399182975292206
862 626 0.18889446556568146
630 630 0.1016068086028099
380 380 0.04778176546096802
348 348 0.1022718995809555
758 758 0.0614168718457222
125 125 0.3895951509475708
741 670 0.016368893906474113
578 578 0.0551379956305027
790 588 0.028196871280670166
58 58 0.02365259639918804
678 401 0.016204824671149254
177 177 0.2353803664445877
725 849 0.03386816382408142
941 941 0.02040874771773815
966 966 0.026677608489990234
305 305 0.1852908730506897
324 324 0.04426700249314308
431 431 0.06490727514028549
570 570 0.1954016089439392
466 466 0.0238125491887331
550 505 0.10547786206007004
351 351 0.05632466450333595
220 206 0.048309195786714554
774 774 0.13232800364494324
634 778 0.01616450771689415
152 155 0.13175253570079803
497 425 0.012012670747935772
181 181 0.1554117351770401
244 244 0.15518012642860413
219 217 0.04486110433936119
395 395 0.3644062876701355
161 161 0.09330963343381882
223 868 0.0222126767039299
275 275 0.23164527118206024
565 565 0.1712546944618225
174 174 0.027047090232372284
759 759 0.09349314868450165
831 831 0.02038590796291828
130 600 0.015950795263051987
673 673 0.06183730810880661
227 171 0.024755137041211128
986 986 0.10734837502241135
781 781 0.01890699937939644
961 778 0.04129459336400032
828 828 0.1121685653924942
398 401 0.02040996216237545
352 352 0.061592161655426025
559 461 0.04867078363895416
3 3 0.23214544355869293
584 584 0.09321077167987823
800 800 0.12324091792106628
264 169 0.061555542051792145
256 256 0.09691991657018661
20 20 0.05125816538929939
779 779 0.06514432281255722
990 990 0.11763396859169006
351 351 0.01999138481914997
401 728 0.02323060855269432
609 609 0.33941394090652466
128 128 0.12095671892166138
776 683 0.0834297314286232
871 871 0.05616089329123497
502 502 0.08501303941011429
234 168 0.017409715801477432
215 215 0.12162641435861588
767 898 0.02775922231376171
809 809 0.064662404358387
429 429 0.03960951790213585
570 570 0.04220131039619446
164 164 0.2156224548816681
630 630 0.022614477202296257
294 294 0.1409386247396469
154 154 0.296863853931427
957 957 0.031784117221832275
607 607 0.2405710071325302
313 313 0.08572325855493546
658 658 0.08059002459049225
754 754 0.07557214051485062
33 336 0.025612719357013702
597 597 0.09222528338432312
289 643 0.03250010311603546
37 35 0.05091943219304085
520 516 0.024158336222171783
917 917 0.053601257503032684
314 314 0.0966823548078537
827 827 0.022456662729382515
292 292 0.06067495048046112
639 638 0.024874063208699226
844 600 0.026080189272761345
225 225 0.09492599964141846
542 542 0.0640297532081604
921 921 0.050385650247335434
799 799 0.03221908211708069
911 885 0.04032343253493309
162 162 0.1324387490749359
554 701 0.02503427490592003
331 355 0.05310956388711929
600 600 0.27809450030326843
494 600 0.03449885547161102
476 476 0.043189637362957
204 155 0.05836505815386772
116 116 0.3842582702636719
174 174 0.029395995661616325
388 388 0.09245036542415619
372 372 0.10152802616357803
321 321 0.09022321552038193
197 197 0.10349678248167038
391 391 0.029946638271212578
572 572 0.05671319738030434
655 722 0.03247477114200592
794 591 0.030704446136951447
990 990 0.024522218853235245
948 948 0.13897113502025604
769 922 0.017612358555197716
309 309 0.10300440341234207
706 706 0.03631496801972389
316 316 0.16388218104839325
686 773 0.03653814643621445
554 554 0.18347126245498657
650 523 0.011192146688699722
813 618 0.01587238349020481
125 125 0.039237406104803085
836 457 0.06428350508213043
252 252 0.07964426279067993
813 784 0.02256624959409237
840 840 0.14509610831737518
838 898 0.06061931699514389
516 721 0.03026660904288292
156 156 0.09900219738483429
231 200 0.1400841623544693
853 853 0.02384861558675766
909 909 0.05060599371790886
406 857 0.049032244831323624
739 739 0.04311071336269379
815 815 0.04957692697644234
606 868 0.04057970643043518
487 590 0.0701516792178154
297 348 0.05302397161722183
264 264 0.14270201325416565
934 934 0.02299259975552559
546 819 0.031531039625406265
983 983 0.014128897339105606
399 735 0.023208241909742355
685 813 0.01853242516517639
90 90 0.10613776743412018
428 428 0.17982901632785797
77 77 0.05682413652539253
339 339 0.06875544041395187
665 518 0.018740583211183548
258 258 0.18298761546611786
211 211 0.1690228283405304
447 447 0.17587138712406158
32 26 0.02824685163795948
161 161 0.1729152500629425
666 666 0.13809487223625183
80 80 0.01693100668489933
215 217 0.042865458875894547
117 117 0.06603997945785522
636 636 0.13254128396511078
789 799 0.04045921191573143
971 971 0.1045655906200409
996 996 0.07339026778936386
623 777 0.06391671299934387
590 590 0.0698133036494255
977 977 0.03187722712755203
169 169 0.17994481325149536
952 952 0.17640407383441925
666 666 0.29222843050956726
613 613 0.32445430755615234
788 457 0.024079905822873116
441 968 0.030245697125792503
90 90 0.07539282739162445
594 594 0.061291586607694626
911 968 0.030909081920981407
469 412 0.04045940563082695
801 633 0.048466164618730545
927 927 0.09528394788503647
643 643 0.0542893223464489
125 125 0.19668006896972656
263 263 0.1330614537000656
136 136 0.05835768207907677
462 840 0.07307759672403336
688 688 0.033945221453905106
694 694 0.08167920261621475
374 374 0.16049812734127045
777 597 0.07219017297029495
634 561 0.032663941383361816
659 659 0.14492997527122498
51 51 0.09931841492652893
591 591 0.13181307911872864
94 94 0.08644453436136246
330 330 0.34626850485801697
561 561 0.07496785372495651
752 819 0.031000513583421707
629 551 0.03674503043293953
535 479 0.05658063665032387
842 842 0.01923181302845478
293 293 0.08147656917572021
463 463 0.07076887786388397
325 325 0.14998891949653625
639 638 0.040273044258356094
2 2 0.04976734146475792
83 83 0.03655223175883293
411 636 0.02314343862235546
375 375 0.042070407420396805
659 659 0.1370101124048233
49 49 0.059261638671159744
346 346 0.11251508444547653
945 945 0.15231700241565704
926 469 0.055780138820409775
696 696 0.0468473844230175
555 555 0.05945122614502907
83 331 0.015807142481207848
677 783 0.280574232339859
889 889 0.1974833756685257
445 578 0.012635448016226292
810 508 0.04244169220328331
143 143 0.16958917677402496
78 78 0.3208577334880829
895 908 0.032528143376111984
788 566 0.018248040229082108
377 377 0.17334623634815216
937 938 0.06605704128742218
616 488 0.1277763545513153
307 307 0.18260745704174042
455 455 0.21347692608833313
38 38 0.22472594678401947
201 193 0.10201971977949142
342 342 0.2688707411289215
471 471 0.09338276833295822
164 164 0.16846418380737305
270 270 0.09511146694421768
432 432 0.022441944107413292
737 737 0.08704394847154617
105 696 0.011812495067715645
622 622 0.14109137654304504
539 626 0.03846152871847153
410 570 0.028954822570085526
519 519 0.03749239444732666
80 80 0.20261210203170776
356 356 0.20600023865699768
226 226 0.20657309889793396
785 785 0.0758897066116333
348 355 0.02014479972422123
118 118 0.06466368585824966
672 672 0.10262266546487808
635 635 0.05893687531352043
449 449 0.044394608587026596
746 746 0.058367785066366196
886 886 0.07930254191160202
928 928 0.06259056180715561
421 421 0.03661932051181793
861 868 0.04230259731411934
537 537 0.09949439764022827
953 837 0.026695843786001205
930 961 0.020718511193990707
66 68 0.07011421024799347
674 674 0.1260753870010376
922 922 0.029071925207972527
473 902 0.07681885361671448
664 664 0.05046151578426361
158 151 0.13799594342708588
763 763 0.07549235969781876
209 209 0.07338836044073105
317 317 0.0949525311589241
115 115 0.040993113070726395
110 110 0.04415571317076683
957 957 0.07315494865179062
936 936 0.09563630819320679
124 123 0.06518518179655075
98 98 0.06149444729089737
535 535 0.12675023078918457
959 959 0.04288141056895256
321 321 0.11154599487781525
221 221 0.08687951415777206
439 439 0.24252314865589142
759 710 0.03310610353946686
38 38 0.036394327878952026
527 508 0.03712563216686249
38 700 0.03907688334584236
626 626 0.15211579203605652
906 633 0.03835396468639374
766 766 0.1171068474650383
182 182 0.05426735058426857
598 423 0.024417651817202568
785 785 0.04059958830475807
233 850 0.030762843787670135
108 973 0.047282394021749496
515 515 0.05913696810603142
784 784 0.13937370479106903
978 460 0.017790786921977997
147 147 0.05961598455905914
489 489 0.01978551596403122
728 728 0.1288871467113495
275 193 0.02251295931637287
58 722 0.03949948027729988
835 835 0.15269051492214203
403 403 0.06563522666692734
677 674 0.030841577798128128
995 995 0.06235336884856224
919 778 0.019236695021390915
706 706 0.03505530580878258
554 554 0.055734433233737946
713 713 0.13779325783252716
516 516 0.04664864391088486
139 139 0.06982807070016861
386 386 0.15043167769908905
269 269 0.12458566576242447
147 147 0.04852839931845665
194 194 0.21991415321826935
732 732 0.15043610334396362
754 754 0.09785138070583344
610 411 0.05105259642004967
325 325 0.15034522116184235
996 996 0.018496626988053322
100 100 0.14386941492557526
775 775 0.09614566713571548
796 796 0.12076564878225327
740 740 0.0753706768155098
157 157 0.18410085141658783
810 477 0.03278297185897827
565 565 0.08807750046253204
847 847 0.0984577089548111
500 971 0.018990714102983475
804 896 0.05147804319858551
279 279 0.02710920199751854
191 193 0.03795737400650978
373 373 0.06545332074165344
414 636 0.15618577599525452
731 731 0.047108862549066544
497 646 0.045174490660429
450 450 0.03601004183292389
275 275 0.13102146983146667
288 293 0.06372640281915665
317 126 0.0521651990711689
690 690 0.04441973567008972
675 654 0.02178962156176567
482 482 0.16867320239543915
29 29 0.21237140893936157
37 36 0.041236184537410736
662 754 0.04238875210285187
251 357 0.017686307430267334
966 455 0.036535002291202545
695 695 0.12362848222255707
262 262 0.23145423829555511
279 279 0.13459043204784393
243 246 0.03367586433887482
627 627 0.2397581934928894
135 135 0.1432693600654602
486 486 0.11083631217479706
724 536 0.014652506448328495
674 674 0.11845380067825317
61 61 0.05497603863477707
32 30 0.11637327075004578
833 868 0.01745268702507019
295 852 0.021317295730113983
135 135 0.316071093082428
951 951 0.09637770801782608
82 82 0.0687587559223175
846 907 0.04788031056523323
420 420 0.13585352897644043
348 348 0.23255057632923126
268 246 0.01729891635477543
173 173 0.1652049720287323
260 260 0.16631463170051575
350 350 0.062276434153318405
835 835 0.03740696236491203
152 152 0.055296894162893295
119 731 0.013034147210419178
656 656 0.08810506761074066
1 1 0.10147057473659515
34 34 0.06418459862470627
680 680 0.18144924938678741
987 987 0.1549513190984726
504 968 0.07665589451789856
696 696 0.05217566341161728
199 224 0.0372622050344944
605 826 0.07338544726371765
396 396 0.06202026456594467
808 808 0.08785942941904068
454 424 0.037189994007349014
780 780 0.07687896490097046
724 724 0.14736676216125488
397 397 0.041076645255088806
410 599 0.052768275141716
874 874 0.07815283536911011
869 869 0.036880332976579666
265 151 0.035434093326330185
619 591 0.015540651977062225
184 184 0.06214660033583641
957 957 0.2241095006465912
403 403 0.022264674305915833
382 382 0.13687285780906677
205 205 0.10964622348546982
33 470 0.011443953029811382
192 852 0.0594734288752079
371 764 0.019999541342258453
12 12 0.03425165265798569
290 290 0.049995604902505875
745 761 0.03028050623834133
482 848 0.1342814713716507
750 750 0.02756098285317421
588 868 0.032495107501745224
647 828 0.035350944846868515
10 10 0.055442534387111664
870 641 0.01602259837090969
284 284 0.10620789229869843
46 46 0.05591170862317085
249 248 0.14377249777317047
82 82 0.14365488290786743
6 6 0.10779104381799698
928 928 0.027421189472079277
568 568 0.03749013692140579
859 859 0.2877841889858246
515 515 0.042183566838502884
986 986 0.09643731266260147
504 504 0.0216655433177948
628 628 0.04945104569196701
832 832 0.15577244758605957
208 179 0.019624823704361916
47 42 0.21594876050949097
570 805 0.012711161747574806
922 922 0.023870008066296577
123 123 0.09478659927845001
619 773 0.014326825737953186
122 122 0.078053317964077
659 659 0.10706819593906403
187 153 0.060455918312072754
23 23 0.35153794288635254
260 260 0.2227196842432022
762 762 0.03228384256362915
504 504 0.16492128372192383
684 684 0.061245329678058624
25 25 0.10171710699796677
497 884 0.0199199877679348
467 467 0.037172336131334305
97 97 0.16860449314117432
754 754 0.2762880027294159
126 126 0.11791793256998062
546 546 0.10017793625593185
382 382 0.05233332887291908
301 641 0.012654239311814308
645 645 0.026403743773698807
505 469 0.04693038761615753
520 520 0.027413416653871536
511 751 0.02557661570608616
589 589 0.023608215153217316
197 911 0.01872851699590683
619 619 0.06664005666971207
104 104 0.2612345516681671
141 141 0.3022867739200592
99 99 0.032442279160022736
179 179 0.08701988309621811
345 345 0.05664164572954178
281 285 0.028983354568481445
264 264 0.034895751625299454
421 421 0.06134253367781639
312 312 0.1413457691669464
932 932 0.05330418795347214
956 956 0.16221937537193298
127 127 0.10438222438097
676 676 0.1374373733997345
647 823 0.03615764528512955
127 127 0.112978495657444
810 878 0.05844466760754585
67 67 0.1812673807144165
802 792 0.0351693220436573
775 775 0.039553023874759674
948 910 0.017422640696167946
209 209 0.16773396730422974
701 701 0.4512506425380707
361 361 0.1774693876504898
691 691 0.1117212176322937
966 907 0.04838089644908905
519 519 0.09311220049858093
812 812 0.5154758095741272
532 532 0.05959698185324669
524 461 0.01996050588786602
433 433 0.04338526725769043
663 743 0.01527712307870388
276 276 0.09783971309661865
89 89 0.09233472496271133
741 741 0.10329355299472809
973 973 0.039614301174879074
719 719 0.18122528493404388
727 727 0.2385469675064087
109 991 0.01679324358701706
804 804 0.025539319962263107
529 529 0.03534574434161186
46 46 0.134311705827713
826 826 0.0445566400885582
440 440 0.08859267830848694
779 779 0.05338858440518379
632 521 0.020721156150102615
517 517 0.05411073938012123
836 447 0.021102935075759888
945 945 0.0841834545135498
918 918 0.06280054897069931
134 131 0.0929391160607338
714 714 0.11467847973108292
493 493 0.126121386885643
59 616 0.017848508432507515
190 190 0.08914447575807571
572 572 0.04027649387717247
923 923 0.04316956549882889
893 893 0.24076691269874573
505 505 0.03602711111307144
917 917 0.02232733927667141
493 548 0.03373672440648079
258 258 0.2194759100675583
315 315 0.05366012826561928
405 405 0.23879633843898773
27 27 0.21985933184623718
257 257 0.10238015651702881
83 83 0.18640728294849396
183 183 0.033320944756269455
892 729 0.04440540820360184
15 15 0.0729459822177887
318 318 0.30981776118278503
766 766 0.0817842110991478
343 343 0.1855134814977646
896 896 0.37569278478622437
785 879 0.029307374730706215
612 612 0.02171543426811695
223 223 0.2123788595199585
990 990 0.07420641928911209
877 877 0.13103775680065155
84 84 0.057974379509687424
197 233 0.05229765921831131
155 204 0.024231866002082825
878 878 0.01875752955675125
236 236 0.03162253648042679
51 51 0.08298934251070023
656 436 0.05446113646030426
500 500 0.020585304126143456
647 898 0.03224213048815727
143 143 0.2368476390838623
882 882 0.06420961767435074
999 999 0.037189725786447525
86 86 0.17479468882083893
209 209 0.042303990572690964
722 722 0.16941799223423004
988 988 0.22555924952030182
19 19 0.04757038131356239
87 87 0.08850249648094177
767 911 0.047756146639585495
243 243 0.2500588595867157
639 733 0.04924660176038742
393 393 0.04403337836265564
77 313 0.0709054097533226
979 970 0.02004552260041237
939 943 0.023839768022298813
288 288 0.07991019636392593
184 184 0.11598849296569824
922 922 0.03645448386669159
856 856 0.07054346054792404
878 754 0.031198572367429733
715 652 0.043654728680849075
773 849 0.0539703331887722
313 313 0.3269808292388916
564 564 0.05760817229747772
134 134 0.11022672057151794
597 597 0.213388592004776
737 737 0.09716185927391052
927 928 0.041000738739967346
24 24 0.11564711481332779
587 902 0.04458679258823395
452 452 0.046700987964868546
426 426 0.04070519655942917
198 196 0.04562261700630188
89 89 0.06988055258989334
374 374 0.056959982961416245
996 996 0.013412300497293472
730 792 0.053563669323921204
945 987 0.08260203152894974
67 67 0.06506243348121643
296 296 0.07940147072076797
304 304 0.04619717225432396
674 674 0.17070992290973663
477 473 0.04213050380349159
367 367 0.02151544578373432
689 911 0.020165111869573593
253 253 0.054055552929639816
241 241 0.06939253211021423
641 749 0.06094403564929962
238 238 0.08719823509454727
58 58 0.05411043390631676
250 248 0.23640862107276917
494 778 0.031256988644599915
763 597 0.1367819458246231
314 314 0.11307062208652496
257 257 0.24815326929092407
958 958 0.03618235141038895
446 418 0.0480835996568203
874 874 0.2067629098892212
886 737 0.09909772127866745
308 308 0.09894027560949326
409 409 0.10709253698587418
965 965 0.07530588656663895
323 323 0.13814683258533478
445 638 0.045683182775974274
190 190 0.10561186820268631
429 429 0.1343161165714264
786 786 0.031088635325431824
818 402 0.04074093699455261
950 950 0.11136890202760696
733 144 0.04639873653650284
860 696 0.022133732214570045
471 471 0.026631616055965424
836 837 0.02174469083547592
105 105 0.04106418788433075
268 171 0.1513291895389557
616 792 0.017402751371264458
183 189 0.039307158440351486
120 119 0.09738469123840332
333 333 0.11390045285224915
692 692 0.0206561591476202
693 693 0.04060159623622894
76 76 0.049061428755521774
541 541 0.04158966615796089
488 679 0.0569886676967144
692 626 0.025271104648709297
34 34 0.11330634355545044
418 418 0.1634453535079956
845 720 0.035734593868255615
135 135 0.11508042365312576
183 189 0.047738198190927505
305 305 0.11627364903688431
558 593 0.02288997173309326
111 111 0.11962118744850159
255 255 0.12090956419706345
499 731 0.030052149668335915
645 645 0.02980763278901577
744 657 0.07456530630588531
913 801 0.08022646605968475
18 18 0.13453896343708038
590 487 0.18736375868320465
908 404 0.1342618763446808
155 155 0.16182942688465118
260 260 0.21402022242546082
623 868 0.014746243134140968
84 562 0.02345440723001957
347 347 0.20912304520606995
21 749 0.021988630294799805
927 470 0.031610433012247086
212 212 0.0729280635714531
608 879 0.026759272441267967
656 656 0.060046907514333725
500 500 0.018384013324975967
881 881 0.11409473419189453
430 430 0.07277237623929977
630 630 0.05640001967549324
791 788 0.025664854794740677
665 758 0.014921840280294418
306 306 0.06919240951538086
501 501 0.06510203331708908
373 373 0.11130231618881226
253 253 0.11689486354589462
474 474 0.04190412536263466
949 987 0.018275553360581398
791 791 0.4506323039531708
451 451 0.15871189534664154
265 850 0.02055881731212139
189 189 0.061672110110521317
680 463 0.02907402440905571
210 210 0.18734021484851837
855 855 0.11229754984378815
