7.727156639099121
7.576846599578857
7.466307163238525
7.7638092041015625
7.693952560424805
7.5920867919921875
7.725330352783203
7.599255561828613
7.386299133300781
7.691411972045898
7.629680633544922
7.846072196960449
7.448495388031006
7.427492141723633
7.4980645179748535
7.339853286743164
7.792392253875732
7.48459005355835
7.4974470138549805
7.462894439697266
7.648582935333252
7.63184118270874
7.739869117736816
7.5217180252075195
7.9118146896362305
7.741776466369629
7.485060214996338
7.701831340789795
7.670520305633545
7.666819095611572
7.743538856506348
7.685849189758301
7.373379230499268
7.48361349105835
7.768385410308838
7.496601581573486
7.446364402770996
7.488736152648926
7.624215126037598
7.903470993041992
7.599578857421875
7.485087871551514
7.832737445831299
7.481270790100098
7.554050445556641
7.607476711273193
7.431560516357422
7.576802730560303
7.848085403442383
8.002326965332031
7.369544506072998
7.529941558837891
7.372176170349121
7.558734893798828
7.521360397338867
7.3621721267700195
7.5996904373168945
7.856812000274658
7.93283748626709
7.440140724182129
7.449858665466309
7.706235885620117
7.666481971740723
7.488490581512451
7.941204071044922
7.6870269775390625
7.440064430236816
7.360264778137207
7.591808795928955
7.630942344665527
7.3746747970581055
7.544366836547852
7.564667224884033
7.931713104248047
7.628901958465576
7.671128273010254
7.514387130737305
7.463149070739746
7.743494033813477
7.561253547668457
7.844217300415039
7.654266834259033
7.795068740844727
7.5645647048950195
7.56597900390625
7.587861061096191
7.492955207824707
7.4391889572143555
7.616687774658203
7.5428466796875
7.551727294921875
7.483091354370117
7.8316826820373535
8.014182090759277
7.592554092407227
7.457009792327881
7.5028791427612305
7.816744804382324
7.55521821975708
7.5503034591674805
7.534720420837402
7.740138530731201
7.538402557373047
7.6611127853393555
7.763950824737549
7.60761833190918
7.421313762664795
7.578658103942871
7.724751949310303
7.739818572998047
7.425508499145508
7.415956497192383
7.744682312011719
8.053439140319824
7.567530632019043
7.4485182762146
7.671539783477783
7.426577568054199
7.663016319274902
7.80230188369751
7.82041072845459
7.4032135009765625
7.712660789489746
7.690304756164551
7.404982566833496
7.406949043273926
7.879653453826904
7.396581649780273
7.627084732055664
7.396925449371338
7.52177619934082
7.869919776916504
7.554600238800049
7.783935546875
7.492527961730957
7.512612342834473
7.667585372924805
7.6455793380737305
8.002290725708008
7.700637340545654
7.440442085266113
7.603090286254883
7.644901275634766
7.5297651290893555
7.781290054321289
7.520684719085693
7.530575752258301
7.8284149169921875
7.537393569946289
7.554567337036133
7.424630165100098
7.465032577514648
8.043437004089355
7.759786128997803
7.378553867340088
7.846240997314453
7.685423374176025
7.874410152435303
7.621168613433838
7.748078346252441
7.574860572814941
7.3595075607299805
7.474498271942139
7.677986145019531
7.406407356262207
7.767285346984863
7.75351619720459
7.519373416900635
7.930659294128418
7.493555545806885
7.780035018920898
7.499821186065674
7.507602691650391
7.818370819091797
7.836507797241211
7.676825523376465
7.892271995544434
7.682643890380859
7.755690574645996
7.513295650482178
7.920393943786621
7.773808479309082
7.659487724304199
7.487360954284668
7.830179214477539
7.587947845458984
7.57191801071167
7.7915239334106445
7.381405830383301
7.498683929443359
7.617069244384766
7.624041557312012
7.505678653717041
7.6623921394348145
7.432572364807129
7.612001419067383
8.032970428466797
7.459826469421387
8.041996955871582
7.535988807678223
7.476269245147705
7.756686687469482
7.664115905761719
7.318256378173828
7.422784805297852
8.010104179382324
7.877386093139648
7.454113006591797
7.6510515213012695
7.967720985412598
7.542068958282471
7.415069580078125
7.582183837890625
7.500344276428223
7.817748546600342
7.314101696014404
7.868175506591797
7.788128852844238
7.744455337524414
7.451241493225098
7.6800055503845215
7.496626853942871
7.5456085205078125
7.6624369621276855
7.531970977783203
8.049906730651855
7.537441253662109
7.548783302307129
7.5590362548828125
7.376293659210205
7.598086833953857
7.765134811401367
7.653677463531494
7.780770778656006
7.716282844543457
7.597133636474609
7.67706298828125
7.621732711791992
7.550383567810059
7.628381729125977
7.676728248596191
7.655658721923828
7.350274085998535
7.7592573165893555
7.727755069732666
7.497162342071533
7.778980731964111
7.591398239135742
7.788066387176514
7.466098785400391
7.584148406982422
7.601932525634766
7.465624809265137
7.866693019866943
7.485918045043945
7.688041687011719
7.568484783172607
7.747551918029785
7.739377498626709
7.728431224822998
7.528345108032227
7.770160675048828
7.8242506980896
7.358194828033447
7.556220054626465
7.530880451202393
7.848371505737305
7.474545478820801
7.7565155029296875
7.479198932647705
7.9833855628967285
7.643782615661621
7.36483097076416
7.714264869689941
7.646882057189941
7.891680717468262
8.042023658752441
7.739345073699951
7.827138900756836
7.51930046081543
7.622900009155273
7.670346260070801
7.7379984855651855
7.694660663604736
7.684953689575195
7.564959526062012
7.699076175689697
7.933769226074219
7.4035797119140625
7.837096214294434
7.515573501586914
7.425227165222168
7.611844539642334
7.85433292388916
7.509807109832764
7.853699207305908
7.525213241577148
8.01308822631836
7.4244384765625
7.891674041748047
7.536139011383057
7.662047386169434
7.776519775390625
7.579194068908691
7.5908403396606445
7.455157279968262
7.843932151794434
7.44470739364624
7.917336463928223
7.4676289558410645
7.367581367492676
7.692654609680176
7.317142486572266
7.761899471282959
7.4537763595581055
7.487261772155762
7.573090076446533
7.5939741134643555
7.9084367752075195
7.554973125457764
7.371342658996582
8.071808815002441
7.933292865753174
7.470069885253906
7.887206077575684
7.460873126983643
7.968026638031006
7.421404838562012
7.593372821807861
7.649824619293213
7.417540550231934
7.868539810180664
7.599806785583496
7.9699554443359375
7.741471290588379
7.734335899353027
7.946739196777344
7.746158599853516
7.5373640060424805
7.526581764221191
7.573202133178711
7.697110176086426
7.4750871658325195
7.924716949462891
7.956873893737793
7.454254150390625
7.766725540161133
7.547133445739746
7.541788578033447
7.72969913482666
7.502638816833496
7.416775703430176
7.62325382232666
7.521404266357422
7.590786457061768
7.487557411193848
7.996294975280762
7.567313194274902
7.701435565948486
7.737704753875732
7.904048919677734
7.590580940246582
7.544152736663818
7.624416828155518
7.515529632568359
7.612534999847412
7.620011806488037
7.9854655265808105
7.727145195007324
7.7828688621521
7.840570449829102
7.589673042297363
7.4470672607421875
7.662627696990967
7.547036170959473
7.442405700683594
7.558182716369629
7.648420333862305
7.346877098083496
7.682370185852051
7.448489665985107
7.485422134399414
7.702143669128418
7.772281169891357
7.704118251800537
7.5937347412109375
7.667122840881348
7.5880045890808105
7.880528926849365
7.667875289916992
7.736182689666748
7.674935340881348
7.662771224975586
7.421213150024414
7.555218696594238
7.40362548828125
7.598474979400635
7.982339382171631
7.36762809753418
7.48013973236084
7.377051830291748
7.841251850128174
7.5364813804626465
7.497044563293457
7.8062663078308105
7.4957404136657715
7.708216667175293
7.536399841308594
7.620746612548828
7.606927871704102
7.458406448364258
7.669718265533447
7.635895729064941
7.367302894592285
7.510514259338379
7.5887322425842285
7.443900108337402
7.727062702178955
7.914363384246826
7.703711986541748
7.578860759735107
7.391616344451904
7.49974250793457
7.505990505218506
7.790657043457031
7.766847610473633
7.729669570922852
7.781554222106934
7.933905601501465
7.497591018676758
7.539772987365723
7.4551215171813965
7.795210838317871
7.4793195724487305
7.613162994384766
7.410993576049805
7.835268497467041
7.624774932861328
7.521834850311279
7.439084053039551
7.459115028381348
7.420886993408203
7.610553741455078
7.402456283569336
7.579249382019043
7.871344566345215
7.724793910980225
7.420318603515625
7.909907341003418
7.469630241394043
7.946506023406982
7.9091973304748535
7.913702487945557
7.680433750152588
7.674788475036621
7.649681568145752
7.451025009155273
7.602226734161377
7.417479515075684
7.978181838989258
7.566986560821533
7.524317741394043
7.391200065612793
7.374574184417725
7.6147565841674805
7.6267290115356445
7.463987350463867
7.730249404907227
7.688519477844238
7.630528450012207
7.517319202423096
7.65176248550415
7.567182540893555
7.354091644287109
7.460583686828613
7.578188896179199
7.538745880126953
7.471774101257324
7.760932922363281
7.450675010681152
7.88557243347168
7.737290859222412
7.697810173034668
7.857149124145508
7.509499549865723
7.954345703125
7.478423118591309
7.7313127517700195
7.637455940246582
7.540130615234375
7.495329856872559
7.437040328979492
7.479279518127441
7.480339050292969
7.523520469665527
7.607977867126465
7.528655052185059
7.609099388122559
7.772164821624756
7.439448356628418
7.638880729675293
7.68572998046875
7.47223424911499
7.6526970863342285
7.446926116943359
7.37255859375
7.3716912269592285
7.75618839263916
7.838709831237793
7.528403282165527
7.791291236877441
7.651843547821045
7.444070816040039
7.634328365325928
7.876840591430664
7.5427446365356445
7.776572227478027
7.5015387535095215
7.616506576538086
7.668811321258545
7.504256248474121
7.925426959991455
7.648090362548828
7.43519401550293
7.611844062805176
7.51804256439209
7.609916687011719
7.6151018142700195
7.59227180480957
7.586697578430176
7.464084625244141
7.532684326171875
7.574817657470703
7.611593723297119
7.702686786651611
7.783160209655762
7.83488655090332
7.70803165435791
7.491974353790283
7.936492919921875
7.619321823120117
7.425025939941406
7.588228225708008
7.566423416137695
7.483295917510986
7.89927864074707
7.563019752502441
7.818902015686035
7.530135631561279
7.638553619384766
7.414610862731934
7.555034160614014
7.555858612060547
7.4532880783081055
7.693329334259033
7.480569839477539
7.620621681213379
7.704557418823242
7.678402900695801
7.4660258293151855
7.623030662536621
7.628109931945801
7.580657958984375
7.436712265014648
7.591156959533691
7.657373428344727
7.640354156494141
7.72624397277832
7.418921947479248
7.6020002365112305
7.9046220779418945
7.430562973022461
7.7811079025268555
7.541965961456299
7.57003116607666
7.588080406188965
7.614235877990723
7.546113014221191
7.981512546539307
7.51843786239624
7.704240798950195
7.5851287841796875
7.596317768096924
8.118809700012207
7.526568412780762
7.714395999908447
7.654537200927734
7.599472999572754
7.45701265335083
7.605034828186035
7.694695949554443
7.328954696655273
7.939648151397705
7.660470008850098
7.367392539978027
7.639853000640869
7.5878705978393555
7.650177955627441
7.664086818695068
7.594499588012695
7.399396896362305
7.7636823654174805
7.471997261047363
7.611207485198975
7.653480529785156
7.699234962463379
7.4715256690979
7.843786239624023
7.425045490264893
7.435175895690918
7.514060020446777
7.780628204345703
7.520751476287842
7.881994724273682
7.712673664093018
7.512483596801758
7.493370532989502
7.744533061981201
7.461634635925293
7.709214210510254
7.924221038818359
7.590310096740723
7.498735427856445
7.508419990539551
7.5780205726623535
7.419806480407715
7.703784942626953
7.763121604919434
7.644920349121094
8.08305835723877
7.49434757232666
7.376964092254639
7.831420421600342
7.717453956604004
7.490631103515625
7.415568828582764
7.633905410766602
7.63616943359375
7.9215087890625
7.5874738693237305
7.487611770629883
7.44326114654541
7.314614295959473
7.849296569824219
7.587412357330322
7.685382843017578
7.784000873565674
7.672618389129639
7.575456142425537
7.621101379394531
7.6935648918151855
7.524944305419922
7.594808578491211
7.758551597595215
7.779922008514404
7.58782958984375
7.487928867340088
7.534847736358643
7.321840763092041
7.480379104614258
7.384355545043945
7.795938491821289
7.822951316833496
7.541501998901367
7.610543251037598
7.397637367248535
8.003822326660156
7.757519721984863
7.535500526428223
7.338667392730713
7.963027000427246
7.693077087402344
7.6124982833862305
7.409653186798096
7.87980842590332
7.676023483276367
7.614492893218994
7.698290824890137
7.560818672180176
7.474994659423828
7.266820430755615
7.736506938934326
7.559671878814697
7.453795433044434
7.482288837432861
7.386722564697266
7.942387580871582
7.6980485916137695
7.434441089630127
7.737266540527344
7.726715087890625
7.445933818817139
7.764054298400879
7.568073749542236
7.654333114624023
7.942138671875
7.650192737579346
8.184687614440918
7.715591907501221
7.832135200500488
7.506750106811523
7.704011917114258
7.625687599182129
7.72497034072876
7.529129981994629
7.624994277954102
7.550145626068115
7.456577301025391
7.705855369567871
7.584652423858643
7.5381598472595215
7.5761590003967285
7.574461936950684
7.684442520141602
7.467684745788574
7.563006401062012
7.720633029937744
7.992253303527832
7.34087610244751
7.6743927001953125
7.6389570236206055
7.536043167114258
7.699795722961426
7.591429233551025
7.471400260925293
7.525053977966309
7.386902332305908
7.71415376663208
7.984502792358398
7.84303092956543
7.637913703918457
8.35411262512207
7.882630348205566
7.515932083129883
7.515423774719238
7.5512847900390625
7.708226203918457
7.739398956298828
7.568787574768066
7.7009406089782715
7.390233039855957
7.47325325012207
7.440090179443359
7.472462177276611
7.922271728515625
7.525122165679932
7.7371721267700195
7.722324371337891
7.848556041717529
7.583133220672607
7.630252838134766
7.375185966491699
7.567383289337158
7.483458995819092
7.638521194458008
7.467963218688965
7.441836357116699
7.524572849273682
7.55790901184082
7.643955707550049
7.577187538146973
7.57757043838501
7.524557590484619
7.680471897125244
7.591618537902832
7.826318740844727
7.697693824768066
7.599261283874512
8.286235809326172
7.967588901519775
7.61836051940918
7.527252197265625
7.9028449058532715
7.627226829528809
7.594046592712402
